每幅图像的标定误差：
第1幅图像的平均误差：0.153695像素
第2幅图像的平均误差：0.172469像素
第3幅图像的平均误差：0.183794像素
第4幅图像的平均误差：0.200351像素
第5幅图像的平均误差：0.168126像素
第6幅图像的平均误差：0.185352像素
第7幅图像的平均误差：0.175349像素
第8幅图像的平均误差：0.191937像素
第9幅图像的平均误差：0.184085像素
第10幅图像的平均误差：0.207331像素
第11幅图像的平均误差：0.175939像素
第12幅图像的平均误差：0.216542像素
第13幅图像的平均误差：0.204041像素
第14幅图像的平均误差：0.178487像素
第15幅图像的平均误差：0.195824像素
第16幅图像的平均误差：0.178742像素
第17幅图像的平均误差：0.206546像素
第18幅图像的平均误差：0.175788像素
第19幅图像的平均误差：0.138347像素
第20幅图像的平均误差：0.165203像素
第21幅图像的平均误差：0.185943像素
第22幅图像的平均误差：0.230441像素
第23幅图像的平均误差：0.198911像素
总体平均误差：0.185793像素

相机内参数矩阵：
[434.0875734930235, 0, 352.8426703857616;
 0, 435.9842234199038, 235.4375591819876;
 0, 0, 1]

畸变系数：
[-0.3168662322703944, 0.1256705424888764, 0.002226949573958548, 0.001029036644924681, -0.02578492034555507]


第1幅图像的旋转向量：
[17.75852320773436;
 -14.11062561748332;
 51.87764125657191]
第1幅图像的旋转矩阵：
[0.997740936913079, -0.06501573587712818, -0.01691085143234755;
 0.06462403584211453, 0.9976500746394025, -0.02276098775255101;
 0.01835093456171977, 0.02161672177621268, 0.9995978994277456]
第1幅图像的平移向量：
[0.07791703765570854;
 2.913771755687209;
 0.2614052127757351]

第2幅图像的旋转向量：
[34.15426330938219;
 -8.730559583222403;
 52.5412427596458]
第2幅图像的旋转矩阵：
[0.9325268133496584, -0.3607424297524852, -0.01608234311923479;
 0.3465577753936205, 0.9065943245562746, -0.2407995826337267;
 0.1014467875201398, 0.218978606394838, 0.9704416104244594]
第2幅图像的平移向量：
[-0.1209403631071098;
 2.797314700100612;
 0.2124200614402429]

第3幅图像的旋转向量：
[19.53022334354085;
 -9.150969291343948;
 41.87712499148898]
第3幅图像的旋转矩阵：
[-0.6560430260084429, -0.1780353894842635, 0.7334241256714101;
 -0.1441191162237465, -0.9243446213876344, -0.3532940719155039;
 0.7408354934562545, -0.3374765488192292, 0.5807515395007498]
第3幅图像的平移向量：
[0.0405615551181147;
 -3.057102339848862;
 -0.1878871155076324]

第4幅图像的旋转向量：
[18.52605656300415;
 -12.29682110354334;
 38.78982446840222]
第4幅图像的旋转矩阵：
[0.7896186925423817, -0.606684692262135, -0.09184772486272259;
 0.5487966623177929, 0.7652242519553415, -0.3365324169351869;
 0.2744531723564332, 0.2153265622123449, 0.9371819075234558]
第4幅图像的平移向量：
[0.06334234629359167;
 -2.823816599646632;
 -0.05375725995123883]

第5幅图像的旋转向量：
[23.67371147045452;
 -10.17037510625928;
 43.72703268195863]
第5幅图像的旋转矩阵：
[0.9086016620992585, -0.415006050540117, -0.04704250892074899;
 0.3931691505493059, 0.8878772818763402, -0.2389392211090909;
 0.1409291974248137, 0.1986049101683432, 0.9698943504166947]
第5幅图像的平移向量：
[0.1021707926413936;
 2.916664239746967;
 0.336214407963257]

第6幅图像的旋转向量：
[25.30508864558868;
 -11.36386792574271;
 42.96779618072418]
第6幅图像的旋转矩阵：
[0.7267974698613406, -0.6865406020413367, -0.02067461128709855;
 0.606997867227089, 0.6560947961284446, -0.4484341731792302;
 0.3214327721078215, 0.3133713775090088, 0.8935767190192387]
第6幅图像的平移向量：
[0.04628112555321563;
 3.010423862330703;
 0.3266336086736407]

第7幅图像的旋转向量：
[31.785480594002;
 -12.76523233342839;
 47.03200378538665]
第7幅图像的旋转矩阵：
[0.2538051140036073, -0.9341895747891769, 0.2507444963719698;
 0.6792229280409665, -0.01243084340240246, -0.7338267426005682;
 0.6886502582073658, 0.3565603910805599, 0.6313679667067424]
第7幅图像的平移向量：
[0.01493936922203465;
 2.921767226218044;
 0.1386478224714228]

第8幅图像的旋转向量：
[11.66539059330061;
 -11.62863867704595;
 40.50780019599976]
第8幅图像的旋转矩阵：
[0.970263684630591, 0.2302479252341336, 0.07466106892113131;
 -0.2347902288214407, 0.9702493514489279, 0.05907405913690284;
 -0.05883817414778097, -0.07484710374030257, 0.9954576737986622]
第8幅图像的平移向量：
[0.08618097060390768;
 -3.042846041527993;
 -0.1172546426949702]

第9幅图像的旋转向量：
[9.679507771439754;
 -13.35189332348418;
 42.8911227758548]
第9幅图像的旋转矩阵：
[-0.3270754057480583, -0.9449832757393579, 0.005318602039598885;
 0.7749955896477592, -0.2714516936303512, -0.5706976555512876;
 0.5407434835310224, -0.1825392741251224, 0.8211430438240395]
第9幅图像的平移向量：
[0.02749927772772866;
 -3.017189604127525;
 0.006363605899301415]

第10幅图像的旋转向量：
[16.66529173874999;
 -11.74601937623784;
 42.30489109715215]
第10幅图像的旋转矩阵：
[-0.7366691430511714, -0.3217889852372088, 0.5947860309861522;
 -0.03092071339541208, -0.8625836928278052, -0.5049685954103138;
 0.6755460629441722, -0.3903859908443871, 0.6254888448190538]
第10幅图像的平移向量：
[0.1247002734162615;
 -3.075827087341996;
 -0.006598331328757182]

第11幅图像的旋转向量：
[21.74501877971087;
 -7.920750958397194;
 41.2598783092655]
第11幅图像的旋转矩阵：
[-0.5642316922567762, 0.00626309677268877, 0.82559273923156;
 -0.3115330121589857, -0.9276657519915645, -0.20587237531314;
 0.7645847106686111, -0.373359111581251, 0.5253695784978941]
第11幅图像的平移向量：
[0.01827670944155824;
 3.038230319906062;
 0.6617774402902099]

第12幅图像的旋转向量：
[23.76941016559783;
 -17.62563668784964;
 48.26964232264501]
第12幅图像的旋转矩阵：
[0.9980167018038238, -0.05943929456444914, -0.02072759470604317;
 0.05880996941668885, 0.9978256876955911, -0.02975373038845161;
 0.02245106718678343, 0.02847573065789874, 0.9993423249045711]
第12幅图像的平移向量：
[0.181074296503316;
 2.802955734795612;
 0.4510265908108183]

第13幅图像的旋转向量：
[17.61989914926212;
 -13.05132467181465;
 41.36321588636835]
第13幅图像的旋转矩阵：
[-0.6762645775702525, -0.4728769646149705, 0.5648482959700418;
 0.06306612820914295, -0.8011199530229828, -0.5951718107749744;
 0.7339542796362972, -0.3668708181430977, 0.5715915658917461]
第13幅图像的平移向量：
[0.07248645485673842;
 -2.939209285414606;
 -0.3798355752539502]

第14幅图像的旋转向量：
[12.98146171012765;
 -13.09025685760763;
 40.87628726789041]
第14幅图像的旋转矩阵：
[0.6822440779919626, -0.7195606857151648, -0.1295200278644919;
 0.6609397723596957, 0.6827333270574, -0.3115025223625757;
 0.3125726081377101, 0.1269158134286475, 0.9413770450482285]
第14幅图像的平移向量：
[0.1057536520157075;
 -2.75604858454619;
 -0.2334870919857719]

第15幅图像的旋转向量：
[14.42803469508966;
 -13.2357929182568;
 40.47240443643248]
第15幅图像的旋转矩阵：
[0.6046140240647652, -0.7879196666491091, -0.1167239513200638;
 0.7046355329691549, 0.5974219899213845, -0.3828521015165623;
 0.3713901554719599, 0.1492299060709019, 0.9164059076373217]
第15幅图像的平移向量：
[0.1070070464055377;
 -2.577816728796686;
 -0.1544769036692977]

第16幅图像的旋转向量：
[15.8401288863544;
 -12.88928013942689;
 42.27299778144627]
第16幅图像的旋转矩阵：
[-0.7585392451338537, -0.3420025866249631, 0.5546642627153818;
 -0.02564869631874633, -0.8348687346719009, -0.5498511982750314;
 0.6511223832498098, -0.4313101281087354, 0.62450877929931]
第16幅图像的平移向量：
[0.09918992221558449;
 -2.613877309271838;
 -0.1501272841995016]

第17幅图像的旋转向量：
[21.97565311531793;
 -12.08486717897297;
 44.28138470206724]
第17幅图像的旋转矩阵：
[0.8463387586141834, -0.5282968675133286, -0.06791999295500366;
 0.4895588701588861, 0.821768734812344, -0.2915960547292683;
 0.2098638089718142, 0.2135382079641113, 0.954127148457331]
第17幅图像的平移向量：
[0.01517742250890962;
 -2.921172566445503;
 -0.3628021359180242]

第18幅图像的旋转向量：
[23.56739506789051;
 -11.36927236005699;
 40.72276030433486]
第18幅图像的旋转矩阵：
[0.01897793487541394, 0.6591508463292149, 0.7517712416495755;
 -0.9532418996198105, -0.2148961160602363, 0.2124842114403815;
 0.3016118677987986, -0.7206523579963542, 0.6242519203952963]
第18幅图像的平移向量：
[0.04544501417126044;
 3.133616064724638;
 0.6893762186529827]

第19幅图像的旋转向量：
[25.1635314182881;
 -4.95451894318234;
 38.89057655163998]
第19幅图像的旋转矩阵：
[-0.3163468415861903, -0.5346858289177051, 0.783604326285293;
 0.3211392059185136, -0.8376154559340548, -0.4418936052970353;
 0.892633343675032, 0.1118544247447194, 0.4366855864630285]
第19幅图像的平移向量：
[0.06486288554047626;
 2.993414135777961;
 0.9503156951639644]

第20幅图像的旋转向量：
[25.33546820349533;
 -16.62664280807519;
 41.04656741295926]
第20幅图像的旋转矩阵：
[0.7949592673641336, -0.5957124400347595, -0.1147451612039175;
 0.5076344989257702, 0.7567542352751035, -0.4118619221214502;
 0.3321851573027642, 0.2691648494529446, 0.9039929784498946]
第20幅图像的平移向量：
[-0.0895271539116647;
 3.11672020377403;
 0.2358506477250836]

第21幅图像的旋转向量：
[21.87066949635056;
 -10.20211122236507;
 38.6077960740545]
第21幅图像的旋转矩阵：
[0.2485895936814574, -0.952877041588596, 0.1738636176048721;
 0.7425983241269137, 0.0722430278073152, -0.6658293129152026;
 0.6218930317322966, 0.2946290694188147, 0.7255637591116416]
第21幅图像的平移向量：
[0.02563364731978801;
 3.121841508237035;
 0.4554328258602423]

第22幅图像的旋转向量：
[18.08142022722743;
 -16.89592433509283;
 39.58549151500602]
第22幅图像的旋转矩阵：
[-0.6191553671619614, -0.6279019659298182, 0.4715779389411747;
 0.09385593629998851, -0.6553981125516719, -0.7494293677758821;
 0.7796394644550706, -0.4197528263694901, 0.4647255859311334]
第22幅图像的平移向量：
[-0.1089324763706436;
 -3.079826949359932;
 -0.2764420746834557]

第23幅图像的旋转向量：
[6.872700130175643;
 -14.31885627781224;
 38.64237947057598]
第23幅图像的旋转矩阵：
[-0.5479904384977289, 0.6563750811006239, 0.5185346972240298;
 -0.8357777964683353, -0.4041575225699599, -0.3716613672157039;
 -0.03437956145154822, -0.6370466622314741, 0.7700581769542727]
第23幅图像的平移向量：
[-0.09134223109053259;
 -3.047518003277963;
 -0.319212147405299]


