每幅图像的标定误差：
第1幅图像的平均误差：0.153695像素
第2幅图像的平均误差：0.172469像素
第3幅图像的平均误差：0.183794像素
第4幅图像的平均误差：0.200351像素
第5幅图像的平均误差：0.168126像素
第6幅图像的平均误差：0.185352像素
第7幅图像的平均误差：0.175349像素
第8幅图像的平均误差：0.191937像素
第9幅图像的平均误差：0.184085像素
第10幅图像的平均误差：0.207331像素
第11幅图像的平均误差：0.175939像素
第12幅图像的平均误差：0.216542像素
第13幅图像的平均误差：0.204041像素
第14幅图像的平均误差：0.178487像素
第15幅图像的平均误差：0.195824像素
第16幅图像的平均误差：0.178742像素
第17幅图像的平均误差：0.206546像素
第18幅图像的平均误差：0.175788像素
第19幅图像的平均误差：0.138347像素
第20幅图像的平均误差：0.165203像素
第21幅图像的平均误差：0.185943像素
第22幅图像的平均误差：0.230441像素
第23幅图像的平均误差：0.198911像素
总体平均误差：0.185793像素

相机内参数矩阵：
[434.0875734750315, 0, 352.8426704070554;
 0, 435.9842234036773, 235.4375591664664;
 0, 0, 1]

畸变系数：
[-0.3168662323278216, 0.1256705427373341, 0.002226949583868913, 0.001029036643363225, -0.02578492052652254]


第1幅图像的旋转向量：
[35.51704641048739;
 -28.22125123121785;
 103.7552825100752]
第1幅图像的旋转矩阵：
[0.9909750686938411, -0.1300973672776332, -0.032296876856216;
 0.1285325300987254, 0.9906120749453228, -0.04655218232201976;
 0.03804999255791285, 0.04198085277779534, 0.998393612793267]
第1幅图像的平移向量：
[0.07791703764295696;
 2.913771755658301;
 0.2614052127550038]

第2幅图像的旋转向量：
[68.30852661396818;
 -17.46111916263585;
 105.0824855180212]
第2幅图像的旋转矩阵：
[0.7429566638947832, -0.6669707145427163, 0.05626243432977904;
 0.6129333841899384, 0.6441652214964491, -0.4575629289615804;
 0.2689387702057918, 0.374434551499737, 0.8873954611802943]
第2幅图像的平移向量：
[-0.1209403631229082;
 2.797314700069146;
 0.2124200614108204]

第3幅图像的旋转向量：
[39.06044668287394;
 -18.30193857956846;
 83.75424998053356]
第3幅图像的旋转矩阵：
[0.9993973788749356, 0.0338514915934275, 0.007678255974409742;
 -0.03396872110231416, 0.9992997460195646, 0.01568896401636621;
 -0.007141784411591284, -0.01594033005096646, 0.9998474387591763]
第3幅图像的平移向量：
[0.04056155512151044;
 -3.057102339894601;
 -0.1878871155001]

第4幅图像的旋转向量：
[37.05211312210642;
 -24.59364220425218;
 77.57964893501871]
第4幅图像的旋转矩阵：
[0.2653432491858553, -0.9630766673113014, 0.04556635811703713;
 0.7609302290313522, 0.1801572567903706, -0.6233205831448712;
 0.5920963998014064, 0.2000667281342037, 0.7806376609131074]
第4幅图像的平移向量：
[0.0633423462857112;
 -2.82381659970266;
 -0.0537572599332744]

第5幅图像的旋转向量：
[47.34742293677142;
 -20.34075020926301;
 87.45406536197954]
第5幅图像的旋转矩阵：
[0.6557597437261796, -0.7548925023027034, 0.01079205612189504;
 0.6726465860169425, 0.5777039921412215, -0.4623901683468707;
 0.3428202573185066, 0.310476098003145, 0.8866108863198187]
第5幅图像的平移向量：
[0.1021707926250071;
 2.916664239718997;
 0.3362144079399582]

第6幅图像的旋转向量：
[50.61017728698914;
 -22.72773584828102;
 85.93559235947045]
第6幅图像的旋转矩阵：
[0.1048603866512817, -0.9558905204803629, 0.274367658748484;
 0.6952712178749563, -0.1267947301265201, -0.7074751091076052;
 0.7110571235182297, 0.2649460497307399, 0.6513074219030962]
第6幅图像的平移向量：
[0.0462811255410489;
 3.010423862296815;
 0.3266336086553759]

第7幅图像的旋转向量：
[63.57096118357499;
 -25.53046466351277;
 94.06400756975447]
第7幅图像的旋转矩阵：
[-0.3974306806651603, -0.1360837747454633, 0.9074855703078993;
 -0.3414030337825817, -0.896022003292296, -0.2838812042740943;
 0.8517586645230425, -0.4226414270597319, 0.3096472211127311]
第7幅图像的平移向量：
[0.0149393692109795;
 2.921767226180967;
 0.1386478224475749]

第8幅图像的旋转向量：
[23.33078118248624;
 -23.25727735107073;
 81.01560038910337]
第8幅图像的旋转矩阵：
[0.8829587316150529, 0.4412109392387624, 0.1603645389753798;
 -0.4590893134262262, 0.8829023166316927, 0.09859260410510848;
 -0.09808608750772579, -0.160674846763392, 0.982121536804375]
第8幅图像的平移向量：
[0.08618097060442954;
 -3.042846041575039;
 -0.1172546426988802]

第9幅图像的旋转向量：
[19.35901553852144;
 -26.70378664390224;
 85.7822455490241]
第9幅图像的旋转矩阵：
[-0.6225035535299167, 0.5646272422696769, 0.5419274888115253;
 -0.7724568979719163, -0.5544971160743577, -0.3095856731840556;
 0.1256967247712948, -0.6113338086120872, 0.7813266332524509]
第9幅图像的平移向量：
[0.0274992777224041;
 -3.017189604181326;
 0.006363605904165376]

第10幅图像的旋转向量：
[33.33058347323123;
 -23.4920387494796;
 84.60978219195152]
第10幅图像的旋转矩阵：
[0.9544367316149235, 0.28242581677363, 0.09636484506276344;
 -0.2916795118266775, 0.9511332362733154, 0.1013342451336207;
 -0.06303639999852073, -0.1248247766911587, 0.9901743217228111]
第10幅图像的平移向量：
[0.1247002734150413;
 -3.07582708738767;
 -0.006598331310601679]

第11幅图像的旋转向量：
[43.49003755533579;
 -15.84150191369929;
 82.51975661646176]
第11幅图像的旋转矩阵：
[0.9476418279851169, -0.3175864661840296, -0.03337367749838843;
 0.3073684308275951, 0.9354769146234604, -0.1743777220207701;
 0.08660030937362825, 0.1549896083720173, 0.9841131071747193]
第11幅图像的平移向量：
[0.01827670942325104;
 3.038230319873887;
 0.661777440245038]

第12幅图像的旋转向量：
[47.5388203266404;
 -35.25127337221147;
 96.53928464334892]
第12幅图像的旋转矩阵：
[0.9920763578927005, -0.1192216930871067, -0.03963190643658426;
 0.1167074230449558, 0.9913132212984107, -0.06064218568928798;
 0.04651749688622716, 0.05553634104270914, 0.9973724666878607]
第12幅图像的平移向量：
[0.1810742964856684;
 2.802955734771553;
 0.4510265907789893]

第13幅图像的旋转向量：
[35.23979829433429;
 -26.10264934048866;
 82.72643177008599]
第13幅图像的旋转矩阵：
[0.8420840813889251, 0.4913947591051737, 0.2223186690211565;
 -0.5300018236124397, 0.8303218264508138, 0.1722316216229559;
 -0.09996232709805478, -0.2628628068847952, 0.9596409109233455]
第13幅图像的平移向量：
[0.07248645485965022;
 -2.939209285466774;
 -0.379835575243416]

第14幅图像的旋转向量：
[25.9629234161937;
 -26.18051371222206;
 81.75257453338386]
第14幅图像的旋转矩阵：
[-0.05061370295940697, -0.9986222174661595, 0.01385351420063091;
 0.8048007004666952, -0.04899607213272444, -0.591519414257792;
 0.591383196921466, -0.01878966999537318, 0.8061717327594731]
第14幅图像的平移向量：
[0.1057536520106276;
 -2.756048584608073;
 -0.2334870919652302]

第15幅图像的旋转向量：
[28.85606938612552;
 -26.47158583358091;
 80.944808870516]
第15幅图像的旋转矩阵：
[-0.2329881990459722, -0.9645265207949738, 0.1241172421078469;
 0.7048097877114741, -0.2554161397444615, -0.66182003498243;
 0.670044522588926, -0.06671721098173355, 0.7393166787699285]
第15幅图像的平移向量：
[0.1070070463955528;
 -2.577816728854174;
 -0.1544769036404358]

第16幅图像的旋转向量：
[31.68025776856946;
 -25.7785602758161;
 84.54599556078362]
第16幅图像的旋转矩阵：
[0.9453080222686278, 0.3057173397967644, 0.1137086240448154;
 -0.3171515888939243, 0.9429341140646528, 0.1014402592424119;
 -0.07620769447132436, -0.1319551616296163, 0.9883219225650451]
第16幅图像的平移向量：
[0.0991899222062971;
 -2.613877309331909;
 -0.1501272841689673]

第17幅图像的旋转向量：
[43.95130622613648;
 -24.1697343546288;
 88.56276940157018]
第17幅图像的旋转矩阵：
[0.4434029321538223, -0.8957594751932937, 0.03176164918306562;
 0.7554413602043325, 0.3544045414061631, -0.5510950665024277;
 0.4823921548388001, 0.26835123184387, 0.8338377691840643]
第17幅图像的平移向量：
[0.01517742251099335;
 -2.921172566495195;
 -0.3628021359006418]

第18幅图像的旋转向量：
[47.13479013167078;
 -22.73854471708001;
 81.44552060670175]
第18幅图像的旋转矩阵：
[-0.4012269127377782, -0.6709053556917607, 0.6236208529218884;
 0.250845182479086, -0.7352771099608877, -0.6296382024580456;
 0.8809617806249858, -0.09619550546505146, 0.4633063412110587]
第18幅图像的平移向量：
[0.04544501415699948;
 3.133616064691066;
 0.6893762186051163]

第19幅图像的旋转向量：
[50.32706283275393;
 -9.909037883484583;
 77.7811531018337]
第19幅图像的旋转矩阵：
[0.6278380893150238, 0.7046568999933635, 0.3305722113200123;
 -0.7650315039347143, 0.4804633113690842, 0.4288144172199012;
 0.1433392186132226, -0.5221241803632515, 0.8407378953558318]
第19幅图像的平移向量：
[0.06486288551418093;
 2.993414135751355;
 0.9503156951040375]

第20幅图像的旋转向量：
[50.67093640282237;
 -33.25328561320234;
 82.09313482422799]
第20幅图像的旋转矩阵：
[0.2914394146268499, -0.9552604000185756, 0.0504047196035286;
 0.650888889531533, 0.1594140382509257, -0.7422471407105187;
 0.7010040806488698, 0.2491279441670156, 0.6682279149726906]
第20幅图像的平移向量：
[-0.0895271539132068;
 3.116720203734335;
 0.235850647699009]

第21幅图像的旋转向量：
[43.74133898883083;
 -20.40422244181773;
 77.21559214618675]
第21幅图像的旋转矩阵：
[-0.5376835357276355, -0.2544887668068411, 0.8038232908895848;
 -0.1758248394223353, -0.8985585098089669, -0.4020923156341075;
 0.8246102359597163, -0.3575305190036537, 0.4383946700536402]
第21幅图像的平移向量：
[0.02563364730843651;
 3.121841508199064;
 0.4554328258288957]

第22幅图像的旋转向量：
[36.16284045036689;
 -33.79184866720399;
 79.17098302742511]
第22幅图像的旋转矩阵：
[0.692081810347549, 0.6023484649900382, 0.3977424977422;
 -0.703909124300573, 0.6851894510537151, 0.187155980110466;
 -0.1597958463554662, -0.4095018228150558, 0.8982057362312306]
第22幅图像的平移向量：
[-0.1089324763688901;
 -3.079826949400149;
 -0.2764420746749436]

第23幅图像的旋转向量：
[13.74540025633159;
 -28.6377125526879;
 77.28475893778358]
第23幅图像的旋转矩阵：
[-0.2661171893211786, -0.9552969943508146, -0.128799433741362;
 0.8085616812492004, -0.1484747784126919, -0.5693709228532562;
 0.5247948638880362, -0.2556616763607747, 0.8119282345608732]
第23幅图像的平移向量：
[-0.09134223108730204;
 -3.047518003314283;
 -0.3192121473925679]


